.Random.seed <-
c(403L, 14L, 798236499L, -978654607L, -1948624992L, 1434599230L, 
450856521L, 1523688187L, -1784405302L, 2012513324L, -1408582609L, 
-478964507L, 629497244L, -912908302L, 227801709L, 792805287L, 
1386496462L, 571254568L, -1518342869L, 1048600393L, 2055210072L, 
-460504826L, -1291731743L, 1849982067L, -1819694878L, 199536724L, 
-1407445673L, -2104965811L, 287520996L, -1376697142L, 216033589L, 
-323698801L, -2111972202L, 2014139456L, -445831933L, 221210913L, 
-1546018288L, 1624058350L, 1919581593L, -1310766549L, 1847827226L, 
1033028060L, 375691231L, -170995787L, 1228798284L, -2074234974L, 
2041972477L, 1579632631L, -1500241634L, 529771480L, 2044046651L, 
-1754404135L, -2062072216L, 654317462L, 844653329L, -1491718973L, 
1954743506L, -1321946780L, 908272807L, -1849562627L, 1876329460L, 
1868782810L, -621982171L, 1642513215L, 245272774L, -1142428336L, 
1165383027L, 1877884817L, 732254656L, 662524830L, 2124369257L, 
1742149019L, 753957034L, -897947956L, -606959729L, -1946958907L, 
1844438908L, 326096850L, -323553459L, 990684679L, -1413990930L, 
424198344L, -975761461L, 553855529L, 1902368888L, -327428698L, 
131243969L, -221412269L, -965645566L, -1048170956L, 940911543L, 
-1883309139L, 447836356L, -1766750998L, 441011029L, 151354607L, 
689623798L, 259300896L, 927687651L, 289187969L, -223676688L, 
-469805682L, -42247431L, 1392580747L, 1164746938L, -562285636L, 
270297343L, 86096981L, 1902397292L, 815757250L, 695271453L, -995540841L, 
1326726654L, 2020740536L, 245416347L, -434927623L, 1586188104L, 
-607823242L, 929141681L, 1845530083L, 131125938L, 1205088004L, 
-1140976569L, 2137137949L, -1996539500L, 1113783610L, 2088100229L, 
1120842335L, 2010895590L, -1742788752L, 1987111059L, -95345359L, 
-167644192L, 1897341054L, -1667630327L, 135339323L, -1199951606L, 
1333321964L, -1143157393L, -1669360987L, -1092670372L, -116675534L, 
1147071277L, 1621176807L, -189444850L, 1599595240L, -1207325461L, 
1728177545L, -1668795112L, 286718022L, -875929439L, -1699174605L, 
-1299761502L, 1925023124L, 2100546583L, 362044429L, -938182364L, 
-2017307382L, -961334155L, 80076751L, -1482719018L, -407617408L, 
614104771L, 1983826017L, -1643480880L, 379662894L, -986229799L, 
1259035627L, 423410266L, 1348848668L, -3073761L, -1428190859L, 
-606926836L, -794897950L, -198989123L, -1643584201L, -539080226L, 
49467160L, -1148549509L, -550976487L, -412257112L, 1013075542L, 
1811540689L, 771426947L, 1870774546L, 1176986788L, 1166062695L, 
-1327678019L, -1062158540L, 164945050L, 976429797L, 607247487L, 
-802597370L, -1863261808L, -913073101L, -1939459119L, 1577875840L, 
735138910L, 625968041L, -1069819301L, -1755791766L, -827915508L, 
1303504207L, -2051432955L, 1660167356L, 29054354L, -1857548659L, 
1023444167L, 119759278L, -170898424L, -527794165L, 1673180393L, 
1753207736L, -1479926682L, 1054145793L, 830905235L, 1268661314L, 
-1941273612L, -1932915209L, 2083017197L, -138583420L, 1549423786L, 
-127024619L, -1442627921L, -639140682L, -1387902240L, 1853060643L, 
1793030465L, 536863792L, -1396172656L, -1617592798L, 1091967496L, 
1184347404L, -375324004L, 1871123986L, 506143104L, 430596628L, 
753221160L, -1914527430L, -479290416L, -987173268L, -1940796620L, 
1258631826L, -2014071456L, 1631171916L, 1772458976L, 47894434L, 
-1656467544L, -895791220L, 1056549564L, 1307052914L, 10895600L, 
1916189764L, 922017112L, -1153757126L, -463178896L, -353643460L, 
-814724332L, -1307075134L, 1756892384L, 1751504764L, 1240643280L, 
1962171042L, 1400501288L, 909050124L, -747439172L, -551652046L, 
-148379712L, 20178484L, -325608504L, -533064518L, -1888000112L, 
-1778046484L, -692243372L, 1858255506L, 1827904288L, 566821324L, 
-745788448L, -1163454782L, 1785443880L, 637488812L, -596855108L, 
-689921550L, -1186973392L, -77789020L, -1040979272L, -1857278118L, 
-576995952L, 315428220L, 327627028L, 309910850L, -1406016768L, 
-155259972L, -1594989744L, 847074594L, -1534629560L, 372132876L, 
-1339339684L, 1859843282L, -533736448L, -866965676L, 1244400104L, 
-420750342L, -652031280L, 1591649580L, 1498660084L, 1890689938L, 
2005634144L, 1616501004L, 907750112L, 1912526178L, -389261656L, 
-296145332L, -429739140L, -622510286L, 721101424L, -71626428L, 
-542513192L, -1842105222L, -457958864L, -1025052996L, -1476559020L, 
194072130L, -1174519904L, 1608842428L, -1786826288L, 2064159074L, 
1191684072L, -320128052L, 1866747644L, 1623819250L, -1620659072L, 
-299958028L, -1253678968L, 2137477434L, -1708838064L, 2020261996L, 
-1363387244L, -1719900846L, -1975274784L, 1983278284L, -796877664L, 
-609477246L, -1069413144L, -1729516308L, -465016772L, 1993313394L, 
-1129186192L, 242004516L, 1728501304L, 1453085210L, 1819497680L, 
1646470716L, -1566777196L, 895478914L, -289125440L, -135941828L, 
-723489136L, -791116766L, 1098887176L, 1136997516L, 934036508L, 
1819046034L, 635036800L, 1505893396L, 1297700648L, -172832710L, 
645740752L, -1654982548L, -1752101196L, 916155410L, 214586336L, 
297231308L, 1887117792L, 1457137698L, 1637934376L, 585085196L, 
686858812L, -2033321742L, 873790704L, 1576687428L, -248308648L, 
1891202618L, 731533552L, -883165508L, 1471533588L, 6585538L, 
861080160L, -801644164L, -1207153456L, 962684962L, 1308325032L, 
597238156L, 1454838204L, 1572015154L, -438741184L, 1526289076L, 
888683848L, -416753990L, 1545569040L, -982607636L, 587541588L, 
-135247086L, 1844882848L, 1126414284L, 1916187488L, -1909039934L, 
578503208L, 734117292L, -950449348L, 1012719474L, -910295248L, 
292652068L, -420462024L, -994556198L, 240583568L, 1398675708L, 
-1304043116L, 98640706L, 967744000L, -102276036L, 265349712L, 
-471595870L, -1735461048L, 790838796L, -1819246884L, -868319150L, 
833912960L, -573367468L, -2060278808L, -626433286L, -2121392304L, 
1749401644L, 1819685236L, 1763480210L, -2082545056L, -774699892L, 
1884419424L, 115951842L, -714145624L, -1348277556L, -1595775492L, 
762642354L, -205105168L, -400865852L, 1467914584L, 517682554L, 
1395647920L, 2098948540L, 252410452L, -416789054L, 1962621728L, 
-1847325764L, -68697008L, 1835147234L, -1317854360L, -1973091950L, 
494530151L, 182873649L, -1506544778L, -2029229932L, -272107867L, 
625808303L, -1288486808L, 1850541126L, 855011827L, -1226961579L, 
1890719538L, -466601216L, -304185367L, -1716239781L, -1504117588L, 
1549910714L, -1939683217L, -173718023L, 664772750L, 1348282716L, 
-1397800499L, 1652860215L, -1436936256L, 2065551518L, 623555947L, 
-287798035L, 1108594010L, -276849128L, 1687427969L, 1382359347L, 
-47640748L, 2095491426L, -879263241L, 2004636225L, -1488640314L, 
-1664718844L, 1422157749L, -1872422753L, -1899625224L, -1265718058L, 
841551203L, -1162524379L, 1486753474L, -1587258448L, -998561831L, 
2100629835L, -1548814404L, -1225904150L, 236197919L, 261389993L, 
-1888165314L, -656953556L, 1816648061L, -260061241L, 1165823664L, 
-497165106L, 704579067L, -116777379L, -1703204470L, 1691054504L, 
-1553658095L, -40079869L, 714098948L, -1069736654L, -295908473L, 
-1017669167L, -1610116266L, -270608076L, -764106683L, -321081201L, 
1254776328L, 1917944358L, 395510483L, -1736567755L, -1438446702L, 
671513440L, -1914812727L, 202390011L, -1596643892L, 83174490L, 
-2031265457L, -501823463L, 1585483310L, -1922878404L, 146407853L, 
2137887319L, 41397152L, -1542106882L, 1772786635L, -1912519219L, 
318040314L, -1145111752L, -961578783L, -1023100013L, -244760652L, 
-437779262L, -1445377833L, 2010772769L, 182908134L, 295182820L, 
-1904206571L, -1549413057L, 1094535384L, -45655818L, -1757854973L, 
-777415611L, -1437553566L, -947999792L, 243704057L, -137311701L, 
-1438919268L, -1063981622L, 422551231L, -742424567L, 1861427486L, 
-5528372L, -1677430627L, -691862233L, -646572208L, 1648777710L, 
-2075922789L, 524771581L, -527792150L, -58900344L, -1547829711L, 
-1521198941L, 1213435044L, -706007726L, 635971751L, 533101809L, 
-840479690L, 1987667156L, -1636194203L, 153555567L, -1318171480L, 
1300851206L, 1538272051L, 1260437397L, 526031858L, -1147277248L, 
-1042460247L, 330530843L, -1326273044L, 1962544634L, -652920273L, 
